# Stellar evolution data converted from CSV
# Age(years)  Mdot(Msun/yr)  vwind(km/s)  Twind(K)
 0.00000e+00 -8.66749e+00   1276.511    49633.9
 3.90000e+05 -8.66749e+00   1276.511    49633.9
 3.92000e+05 -8.66715e+00   1276.394    49633.6
 3.94000e+05 -8.66681e+00   1276.275    49633.4
 3.97000e+05 -8.66647e+00   1276.157    49633.1
 3.99000e+05 -8.66614e+00   1276.038    49632.8
 4.01000e+05 -8.66580e+00   1275.921    49632.6
 4.04000e+05 -8.66546e+00   1275.802    49632.3
 4.06000e+05 -8.66513e+00   1275.684    49632.0
 4.08000e+05 -8.66479e+00   1275.567    49631.8
 4.11000e+05 -8.66445e+00   1275.448    49631.5
 4.13000e+05 -8.66412e+00   1275.331    49631.2
 4.15000e+05 -8.66378e+00   1275.213    49630.9
 4.18000e+05 -8.66344e+00   1275.095    49630.6
 4.20000e+05 -8.66311e+00   1274.978    49630.3
 4.22000e+05 -8.66277e+00   1274.860    49630.0
 4.25000e+05 -8.66243e+00   1274.743    49629.7
 4.27000e+05 -8.66210e+00   1274.626    49629.4
 4.29000e+05 -8.66176e+00   1274.508    49629.1
 4.45000e+05 -8.65941e+00   1273.678    49626.6
 4.68000e+05 -8.65606e+00   1272.505    49622.8
 4.91000e+05 -8.65272e+00   1271.309    49618.5
 5.16000e+05 -8.64905e+00   1269.991    49613.5
 5.38000e+05 -8.64572e+00   1268.780    49608.4
 5.63000e+05 -8.64208e+00   1267.473    49602.7
 5.85000e+05 -8.63877e+00   1266.266    49597.3
 6.09000e+05 -8.63514e+00   1264.948    49591.2
 6.33000e+05 -8.63153e+00   1263.631    49585.0
 6.55000e+05 -8.62825e+00   1262.437    49579.7
 6.79000e+05 -8.62461e+00   1261.207    49578.6
 7.02000e+05 -8.62096e+00   1259.950    49574.1
 7.26000e+05 -8.61741e+00   1258.673    49568.9
 7.49000e+05 -8.61384e+00   1257.346    49561.2
 7.72000e+05 -8.61030e+00   1256.009    49552.7
 7.97000e+05 -8.60642e+00   1254.559    49543.7
 8.19000e+05 -8.60288e+00   1253.232    49535.3
 8.42000e+05 -8.59935e+00   1251.890    49526.8
 8.66000e+05 -8.59551e+00   1250.442    49517.2
 8.89000e+05 -8.59201e+00   1249.121    49508.2
 9.13000e+05 -8.58821e+00   1247.656    49497.1
 9.35000e+05 -8.58474e+00   1246.307    49486.6
 9.59000e+05 -8.58094e+00   1244.862    49476.7
 9.82000e+05 -8.57716e+00   1243.430    49466.5
 1.01000e+06 -8.57340e+00   1241.987    49455.9
 1.03000e+06 -8.56966e+00   1240.562    49445.1
 1.05000e+06 -8.56593e+00   1239.128    49434.0
 1.08000e+06 -8.56221e+00   1237.694    49422.8
 1.10000e+06 -8.55820e+00   1236.141    49410.3
 1.12000e+06 -8.55450e+00   1234.710    49398.7
 1.15000e+06 -8.55082e+00   1233.270    49386.7
 1.17000e+06 -8.54685e+00   1231.727    49373.4
 1.19000e+06 -8.54290e+00   1230.171    49359.9
 1.22000e+06 -8.53926e+00   1228.741    49347.2
 1.24000e+06 -8.53534e+00   1227.193    49333.1
 1.26000e+06 -8.53142e+00   1225.661    49319.5
 1.29000e+06 -8.52752e+00   1224.130    49305.7
 1.31000e+06 -8.52364e+00   1222.586    49291.0
 1.33000e+06 -8.51977e+00   1221.048    49276.0
 1.36000e+06 -8.51562e+00   1219.380    49259.5
 1.38000e+06 -8.51178e+00   1217.835    49243.9
 1.40000e+06 -8.50767e+00   1216.184    49227.0
 1.43000e+06 -8.50386e+00   1214.654    49211.2
 1.45000e+06 -8.49977e+00   1212.995    49193.8
 1.47000e+06 -8.49570e+00   1211.340    49176.0
 1.50000e+06 -8.49166e+00   1209.689    49158.0
 1.52000e+06 -8.48762e+00   1208.039    49139.7
 1.54000e+06 -8.48360e+00   1206.392    49121.2
 1.57000e+06 -8.47932e+00   1204.617    49101.1
 1.59000e+06 -8.47533e+00   1202.975    49082.1
 1.61000e+06 -8.47108e+00   1201.220    49061.3
 1.64000e+06 -8.46685e+00   1199.453    49040.5
 1.66000e+06 -8.46292e+00   1197.809    49020.5
 1.68000e+06 -8.45873e+00   1196.053    48998.8
 1.71000e+06 -8.45456e+00   1194.301    48976.8
 1.73000e+06 -8.45012e+00   1192.420    48953.1
 1.75000e+06 -8.44598e+00   1190.673    48930.5
 1.78000e+06 -8.44159e+00   1188.799    48906.2
 1.80000e+06 -8.43749e+00   1187.058    48883.1
 1.82000e+06 -8.43315e+00   1185.193    48858.1
 1.85000e+06 -8.42882e+00   1183.330    48832.8
 1.87000e+06 -8.42451e+00   1181.480    48807.4
 1.89000e+06 -8.42023e+00   1179.614    48781.3
 1.92000e+06 -8.41570e+00   1177.606    48751.3
 1.94000e+06 -8.41149e+00   1175.679    48721.8
 1.96000e+06 -8.40694e+00   1173.755    48695.2
 1.99000e+06 -8.40249e+00   1171.815    48667.4
 2.01000e+06 -8.39807e+00   1169.864    48638.7
 2.03000e+06 -8.39366e+00   1167.918    48609.7
 2.06000e+06 -8.38928e+00   1165.969    48580.1
 2.08000e+06 -8.38466e+00   1163.902    48548.1
 2.10000e+06 -8.38032e+00   1161.963    48517.8
 2.13000e+06 -8.37575e+00   1159.904    48485.1
 2.15000e+06 -8.37121e+00   1157.841    48451.9
 2.17000e+06 -8.36644e+00   1155.676    48416.8
 2.20000e+06 -8.36196e+00   1153.621    48382.9
 2.22000e+06 -8.35725e+00   1151.461    48346.6
 2.24000e+06 -8.35258e+00   1149.317    48312.1
 2.27000e+06 -8.34765e+00   1147.352    48286.6
 2.29000e+06 -8.34309e+00   1145.320    48254.6
 2.31000e+06 -8.33850e+00   1143.164    48216.6
 2.34000e+06 -8.33370e+00   1140.861    48174.3
 2.36000e+06 -8.32895e+00   1138.447    48126.7
 2.38000e+06 -8.32413e+00   1136.189    48086.7
 2.41000e+06 -8.31918e+00   1133.832    48044.0
 2.43000e+06 -8.31450e+00   1131.597    48002.6
 2.45000e+06 -8.30964e+00   1129.247    47958.7
 2.48000e+06 -8.30479e+00   1126.893    47914.1
 2.50000e+06 -8.29998e+00   1124.565    47869.4
 2.52000e+06 -8.29499e+00   1122.109    47822.0
 2.55000e+06 -8.29003e+00   1119.671    47774.3
 2.57000e+06 -8.28510e+00   1117.237    47726.2
 2.59000e+06 -8.28022e+00   1114.804    47677.9
 2.62000e+06 -8.27516e+00   1112.271    47626.8
 2.64000e+06 -8.27036e+00   1109.851    47577.5
 2.67000e+06 -8.26515e+00   1107.233    47523.4
 2.69000e+06 -8.26021e+00   1104.707    47470.9
 2.71000e+06 -8.25510e+00   1102.093    47415.7
 2.73000e+06 -8.25004e+00   1099.479    47360.2
 2.76000e+06 -8.24501e+00   1096.865    47304.0
 2.78000e+06 -8.23983e+00   1094.160    47245.2
 2.80000e+06 -8.23469e+00   1091.450    47185.9
 2.83000e+06 -8.22931e+00   1088.746    47132.4
 2.85000e+06 -8.22385e+00   1086.161    47078.7
 2.88000e+06 -8.21865e+00   1083.482    47020.9
 2.90000e+06 -8.21333e+00   1080.515    46951.0
 2.92000e+06 -8.20802e+00   1077.564    46881.3
 2.95000e+06 -8.20277e+00   1074.642    46812.5
 2.97000e+06 -8.19737e+00   1071.660    46741.8
 2.99000e+06 -8.19205e+00   1068.696    46671.3
 3.02000e+06 -8.18678e+00   1065.729    46600.1
 3.04000e+06 -8.18139e+00   1062.688    46526.0
 3.06000e+06 -8.17589e+00   1059.547    46449.1
 3.09000e+06 -8.17044e+00   1056.418    46372.0
 3.11000e+06 -8.16506e+00   1053.317    46294.7
 3.13000e+06 -8.15956e+00   1050.117    46214.5
 3.16000e+06 -8.15415e+00   1046.920    46133.4
 3.18000e+06 -8.14862e+00   1043.638    46049.3
 3.20000e+06 -8.14316e+00   1040.384    45965.1
 3.23000e+06 -8.13760e+00   1037.033    45877.8
 3.25000e+06 -8.13197e+00   1033.587    45786.8
 3.27000e+06 -8.12641e+00   1030.155    45695.8
 3.30000e+06 -8.12076e+00   1026.633    45600.7
 3.32000e+06 -8.11520e+00   1023.100    45504.5
 3.34000e+06 -8.10957e+00   1019.566    45408.6
 3.37000e+06 -8.10387e+00   1015.930    45308.9
 3.39000e+06 -8.09826e+00   1012.304    45208.4
 3.41000e+06 -8.09260e+00   1008.591    45104.3
 3.44000e+06 -8.08678e+00   1004.869    45001.5
 3.46000e+06 -8.08102e+00   1001.010    44891.6
 3.48000e+06 -8.07522e+00    997.042    44776.8
 3.51000e+06 -8.06953e+00    993.098    44662.2
 3.53000e+06 -8.06367e+00    989.013    44542.4
 3.54000e+06 -8.06071e+00    986.926    44481.3
 3.55000e+06 -8.05766e+00    984.765    44417.2
 3.57000e+06 -8.05451e+00    982.514    44350.5
 3.58000e+06 -8.05153e+00    980.377    44286.4
 3.59000e+06 -8.04847e+00    978.140    44219.6
 3.60000e+06 -8.04542e+00    975.925    44152.8
 3.62000e+06 -8.04230e+00    973.616    44083.1
 3.63000e+06 -8.03933e+00    971.415    44016.2
 3.64000e+06 -8.03627e+00    969.138    43946.6
 3.65000e+06 -8.03316e+00    966.766    43874.0
 3.67000e+06 -8.03020e+00    964.527    43804.9
 3.68000e+06 -8.02715e+00    962.174    43732.3
 3.69000e+06 -8.02402e+00    959.749    43657.0
 3.70000e+06 -8.02105e+00    957.432    43584.7
 3.72000e+06 -8.01792e+00    954.944    43506.6
 3.73000e+06 -8.01492e+00    952.553    43431.5
 3.74000e+06 -8.01186e+00    950.089    43353.4
 3.75000e+06 -8.00884e+00    947.633    43275.6
 3.76000e+06 -8.00590e+00    945.221    43198.5
 3.78000e+06 -8.00288e+00    942.717    43118.2
 3.79000e+06 -7.99983e+00    940.140    43035.4
 3.80000e+06 -7.99684e+00    937.587    42953.1
 3.81000e+06 -7.99389e+00    935.052    42870.8
 3.83000e+06 -7.99089e+00    932.446    42785.8
 3.84000e+06 -7.98794e+00    929.850    42700.9
 3.85000e+06 -7.98503e+00    927.281    42616.3
 3.86000e+06 -7.98210e+00    924.627    42529.0
 3.88000e+06 -7.97916e+00    921.916    42439.0
 3.89000e+06 -7.97625e+00    919.230    42349.6
 3.90000e+06 -7.97331e+00    916.474    42257.6
 3.91000e+06 -7.97042e+00    913.739    42165.9
 3.93000e+06 -7.96754e+00    910.953    42071.7
 3.94000e+06 -7.96473e+00    908.175    41977.8
 3.95000e+06 -7.96188e+00    905.348    41881.8
 3.96000e+06 -7.95900e+00    902.462    41783.3
 3.98000e+06 -7.95623e+00    899.602    41685.3
 3.99000e+06 -7.95343e+00    896.675    41584.7
 4.00000e+06 -7.95067e+00    893.785    41484.9
 4.01000e+06 -7.94794e+00    890.768    41379.9
 4.02000e+06 -7.94520e+00    887.726    41273.8
 4.04000e+06 -7.94250e+00    884.623    41164.4
 4.05000e+06 -7.93988e+00    881.546    41055.9
 4.06000e+06 -7.93723e+00    878.445    40946.6
 4.07000e+06 -7.93471e+00    875.398    40838.7
 4.09000e+06 -7.93215e+00    872.248    40726.7
 4.10000e+06 -7.92961e+00    869.118    40615.1
 4.11000e+06 -7.92705e+00    865.953    40502.5
 4.12000e+06 -7.92458e+00    862.711    40386.3
 4.14000e+06 -7.92219e+00    859.511    40270.5
 4.15000e+06 -7.91983e+00    856.233    40151.8
 4.16000e+06 -7.91742e+00    852.881    40030.2
 4.17000e+06 -7.91516e+00    849.567    39909.2
 4.19000e+06 -7.91289e+00    846.177    39785.2
 4.20000e+06 -7.91065e+00    842.755    39659.3
 4.21000e+06 -7.90855e+00    839.322    39532.5
 4.22000e+06 -7.90635e+00    835.765    39401.3
 4.24000e+06 -7.90430e+00    832.236    39270.0
 4.25000e+06 -7.90238e+00    828.702    39137.8
 4.26000e+06 -7.90040e+00    825.039    39000.6
 4.27000e+06 -7.89851e+00    821.386    38863.6
 4.28000e+06 -7.89675e+00    817.694    38723.9
 4.30000e+06 -7.89503e+00    813.952    38582.1
 4.31000e+06 -7.89340e+00    810.136    38436.9
 4.32000e+06 -7.89182e+00    806.315    38290.8
 4.33000e+06 -7.89030e+00    802.466    38143.8
 4.35000e+06 -7.88899e+00    798.518    37991.4
 4.36000e+06 -7.88767e+00    794.547    37838.0
 4.37000e+06 -7.88643e+00    790.490    37680.9
 4.38000e+06 -7.88528e+00    786.430    37523.6
 4.40000e+06 -7.88430e+00    782.317    37363.1
 4.41000e+06 -7.88338e+00    778.138    37199.5
 4.42000e+06 -7.88262e+00    773.916    37033.6
 4.43000e+06 -7.88202e+00    769.614    36863.8
 4.45000e+06 -7.88151e+00    765.244    36690.9
 4.46000e+06 -7.88119e+00    760.923    36519.0
 4.47000e+06 -7.88095e+00    756.471    36341.9
 4.48000e+06 -7.88088e+00    752.035    36164.6
 4.49000e+06 -7.88098e+00    747.541    35984.2
 4.51000e+06 -7.88121e+00    743.051    35803.8
 4.52000e+06 -7.88159e+00    738.448    35617.9
 4.53000e+06 -7.88222e+00    733.844    35431.4
 4.54000e+06 -7.88288e+00    729.215    35243.9
 4.56000e+06 -7.88380e+00    724.545    35053.8
 4.57000e+06 -7.88478e+00    719.861    34863.3
 4.58000e+06 -7.88593e+00    715.123    34670.1
 4.59000e+06 -7.88728e+00    710.368    34476.0
 4.61000e+06 -7.88874e+00    705.627    34282.0
 4.62000e+06 -7.89035e+00    700.836    34086.2
 4.63000e+06 -7.89198e+00    696.085    33892.1
 4.64000e+06 -7.89370e+00    691.362    33699.0
 4.66000e+06 -7.89552e+00    686.685    33508.2
 4.67000e+06 -7.89724e+00    682.085    33321.3
 4.68000e+06 -7.89887e+00    677.564    33138.8
 4.69000e+06 -7.90013e+00    673.199    32964.4
 4.71000e+06 -7.90081e+00    669.175    32806.9
 4.72000e+06 -7.90048e+00    665.596    32672.7
 4.73000e+06 -7.89840e+00    662.712    32574.3
 4.74000e+06 -7.89317e+00    661.034    32539.8
 4.75000e+06 -7.88168e+00    661.633    32627.1
 4.77000e+06 -7.84818e+00    671.408    33228.7
 4.78000e+06 -7.70011e+00    705.250    35415.1
 4.78000e+06 -7.70245e+00    703.745    35334.5
 4.78000e+06 -7.70016e+00    704.802    35393.8
 4.78000e+06 -7.96245e+00    571.370    28792.0
 4.78000e+06 -7.92954e+00    586.144    29483.5
 4.78000e+06 -7.77716e+00    671.839    33571.2
 4.78000e+06 -7.79945e+00    660.452    32992.2
 4.78000e+06 -7.82274e+00    646.842    32330.6
 4.78000e+06 -7.84615e+00    632.269    31643.3
 4.78000e+06 -7.87332e+00    616.538    30900.9
 4.78000e+06 -7.90073e+00    601.230    30187.3
 4.78000e+06 -7.75703e+00    680.788    34049.4
 4.78000e+06 -7.74112e+00    687.535    34419.4
 4.78000e+06 -7.72897e+00    692.723    34707.0
 4.78000e+06 -7.70668e+00    702.068    35237.0
 4.78000e+06 -7.72006e+00    696.680    34928.1
 4.78000e+06 -7.71268e+00    699.784    35105.2
 4.79000e+06 -8.03172e+00    544.633    27531.2
 4.79000e+06 -7.99566e+00    557.919    28160.0
 4.79000e+06 -7.54447e+00    186.670    19251.6
 4.79000e+06 -7.63384e+00    189.399    19520.4
 4.79000e+06 -7.72795e+00    192.287    19805.2
 4.79000e+06 -7.82228e+00    195.196    20091.9
 4.79000e+06 -7.92133e+00    198.301    20397.9
 4.79000e+06 -8.01990e+00    201.434    20705.7
 4.79000e+06 -8.11893e+00    204.664    21021.2
 4.79000e+06 -8.22714e+00    208.193    21364.7
 4.79000e+06 -8.34060e+00    211.943    21729.7
 4.79000e+06 -8.45796e+00    215.883    22113.2
 4.79000e+06 -8.45487e+00    219.887    22502.5
 4.79000e+06 -8.40799e+00    224.275    22928.7
 4.79000e+06 -8.36294e+00    228.730    23360.4
 4.79000e+06 -8.31819e+00    233.438    23815.2
 4.79000e+06 -8.27510e+00    238.198    24274.4
 4.79000e+06 -8.23110e+00    243.373    24772.6
 4.79000e+06 -7.11205e+00    167.326    17346.7
 4.79000e+06 -7.12380e+00    168.601    17472.6
 4.79000e+06 -7.29946e+00    179.353    18531.2
 4.79000e+06 -7.22825e+00    177.139    18313.7
 4.79000e+06 -7.19506e+00    175.203    18123.4
 4.79000e+06 -7.17362e+00    173.289    17934.9
 4.79000e+06 -7.15582e+00    171.653    17773.6
 4.79000e+06 -7.13873e+00    170.061    17616.6
 4.79000e+06 -7.37496e+00    181.576    18750.1
 4.79000e+06 -7.45972e+00    184.112    18999.7
 4.79000e+06 -8.10855e+00    519.907    26357.9
 4.79000e+06 -8.07024e+00    531.845    26924.7
 4.79000e+06 -8.14879e+00    508.115    25797.4
 4.79000e+06 -8.18872e+00    248.640    25279.3
 4.80000e+06 -7.10985e+00    164.958    17113.1
 4.80000e+06 -7.10842e+00    166.027    17218.7
 4.80000e+06 -7.11524e+00    157.361    16373.3
 4.80000e+06 -7.11557e+00    157.373    16373.5
 4.80000e+06 -7.11585e+00    157.409    16376.2
 4.80000e+06 -7.11603e+00    157.464    16380.9
 4.80000e+06 -7.11621e+00    157.550    16388.7
 4.80000e+06 -7.11636e+00    157.660    16398.9
 4.80000e+06 -7.11647e+00    157.786    16410.7
 4.80000e+06 -7.11657e+00    157.955    16426.8
 4.80000e+06 -7.11657e+00    158.169    16447.2
 4.80000e+06 -7.11658e+00    158.401    16469.7
 4.80000e+06 -7.11649e+00    158.700    16498.4
 4.80000e+06 -7.11632e+00    159.016    16529.2
 4.80000e+06 -7.11566e+00    159.412    16567.7
 4.80000e+06 -7.11521e+00    159.828    16609.0
 4.80000e+06 -7.11475e+00    160.343    16659.8
 4.80000e+06 -7.11443e+00    160.864    16711.1
 4.80000e+06 -7.11118e+00    158.078    16453.2
 4.80000e+06 -7.11452e+00    157.403    16379.2
 4.80000e+06 -7.11410e+00    157.454    16385.2
 4.80000e+06 -7.11369e+00    157.515    16392.3
 4.80000e+06 -7.11322e+00    157.602    16402.0
 4.80000e+06 -7.11273e+00    157.705    16413.1
 4.80000e+06 -7.11221e+00    157.821    16425.7
 4.80000e+06 -7.11168e+00    157.950    16439.5
 4.80000e+06 -7.11492e+00    157.373    16375.2
 4.80000e+06 -7.11381e+00    161.509    16774.1
 4.80000e+06 -7.11230e+00    163.027    16922.8
 4.80000e+06 -7.11109e+00    163.884    17007.2
 4.80000e+06 -7.11310e+00    162.183    16840.0
 4.81000e+06 -7.11061e+00    158.231    16469.4
 4.81000e+06 -7.10945e+00    158.566    16504.8
 4.81000e+06 -7.11004e+00    158.395    16486.7
 4.81000e+06 -7.09631e+00    162.959    16961.5
 4.81000e+06 -7.09693e+00    162.721    16936.9
 4.81000e+06 -7.09774e+00    162.462    16910.1
 4.81000e+06 -7.09852e+00    162.226    16885.7
 4.81000e+06 -7.09915e+00    161.990    16861.3
 4.81000e+06 -7.09978e+00    161.755    16836.9
 4.81000e+06 -7.10041e+00    161.522    16812.7
 4.81000e+06 -7.10105e+00    161.290    16788.6
 4.81000e+06 -7.10168e+00    161.058    16764.7
 4.81000e+06 -7.10232e+00    160.829    16741.0
 4.81000e+06 -7.10296e+00    160.603    16717.4
 4.81000e+06 -7.10359e+00    160.378    16694.1
 4.81000e+06 -7.10423e+00    160.157    16671.1
 4.81000e+06 -7.10487e+00    159.938    16648.3
 4.81000e+06 -7.10582e+00    159.724    16626.0
 4.81000e+06 -7.10645e+00    159.513    16604.1
 4.81000e+06 -7.09058e+00    165.091    17181.6
 4.81000e+06 -7.09508e+00    163.433    17010.5
 4.81000e+06 -7.09447e+00    163.670    17034.8
 4.81000e+06 -7.09387e+00    163.904    17059.1
 4.81000e+06 -7.09327e+00    164.139    17083.4
 4.81000e+06 -7.09262e+00    164.395    17109.7
 4.81000e+06 -7.09181e+00    164.629    17133.8
 4.81000e+06 -7.09116e+00    164.860    17157.9
 4.81000e+06 -7.09569e+00    163.196    16986.0
 4.81000e+06 -7.10825e+00    158.932    16543.3
 4.81000e+06 -7.10707e+00    159.309    16582.6
 4.81000e+06 -7.10885e+00    158.746    16523.7
 4.81000e+06 -7.10764e+00    159.127    16563.6
 4.82000e+06 -7.08995e+00    165.342    17207.5
 4.82000e+06 -7.08882e+00    165.798    17254.4
 4.82000e+06 -7.08938e+00    165.571    17231.0
 4.82000e+06 -7.08826e+00    166.023    17277.7
 4.82000e+06 -7.08656e+00    166.714    17348.8
 4.82000e+06 -7.08766e+00    166.268    17303.0
 4.82000e+06 -7.08711e+00    166.492    17326.0
 4.82000e+06 -7.10190e+00    170.150    17702.7
 4.82000e+06 -7.10010e+00    169.958    17682.8
 4.82000e+06 -7.09812e+00    169.744    17660.9
 4.82000e+06 -7.09630e+00    169.547    17640.7
 4.82000e+06 -7.08684e+00    168.484    17531.1
 4.82000e+06 -7.08497e+00    168.277    17509.8
 4.82000e+06 -7.08344e+00    168.048    17486.3
 4.82000e+06 -7.08353e+00    167.835    17464.4
 4.82000e+06 -7.09451e+00    169.330    17618.4
 4.82000e+06 -7.09274e+00    169.131    17597.8
 4.82000e+06 -7.09073e+00    168.909    17575.1
 4.82000e+06 -7.08887e+00    168.707    17554.2
 4.82000e+06 -7.10386e+00    170.360    17724.3
 4.82000e+06 -7.10565e+00    170.550    17743.9
 4.82000e+06 -7.10760e+00    170.754    17764.9
 4.82000e+06 -7.10952e+00    170.957    17785.7
 4.82000e+06 -7.11127e+00    171.141    17804.6
 4.82000e+06 -7.11317e+00    171.339    17825.1
 4.82000e+06 -7.11490e+00    171.520    17843.6
 4.82000e+06 -7.11678e+00    171.716    17863.7
 4.82000e+06 -7.08404e+00    167.622    17442.5
 4.82000e+06 -7.08462e+00    167.387    17418.3
 4.82000e+06 -7.08514e+00    167.172    17396.0
 4.82000e+06 -7.08587e+00    166.954    17373.6
 4.83000e+06 -7.11837e+00    171.910    17883.6
 4.83000e+06 -7.12007e+00    172.083    17901.6
 4.83000e+06 -7.12191e+00    172.271    17921.0
 4.83000e+06 -7.12375e+00    172.459    17940.2
 4.83000e+06 -7.13257e+00    173.351    18032.0
 4.83000e+06 -7.16058e+00    176.100    18314.7
 4.83000e+06 -7.12901e+00    172.993    17995.2
 4.83000e+06 -7.13080e+00    173.173    18013.7
 4.83000e+06 -7.12556e+00    172.644    17959.2
 4.83000e+06 -7.12721e+00    172.812    17976.5
 4.84000e+06 -7.18609e+00    178.472    18558.9
 4.84000e+06 -7.20890e+00    180.492    18766.6
 4.85000e+06 -7.22946e+00    182.210    18943.8
 4.85000e+06 -7.24744e+00    183.682    19095.5
 4.86000e+06 -7.26371e+00    184.939    19225.2
 4.87000e+06 -7.28968e+00    186.876    19425.6
 4.87000e+06 -7.27777e+00    185.991    19334.0
 4.88000e+06 -7.30860e+00    188.213    19564.5
 4.88000e+06 -7.29999e+00    187.611    19501.9
 4.89000e+06 -7.32094e+00    189.060    19653.5
 4.89000e+06 -7.31553e+00    188.691    19614.5
 4.90000e+06 -7.32721e+00    189.513    19702.1
 4.90000e+06 -7.32460e+00    189.335    19682.5
 4.91000e+06 -7.32862e+00    189.614    19713.5
 4.91000e+06 -7.32876e+00    189.632    19716.3
 4.92000e+06 -7.32756e+00    189.560    19710.0
 4.93000e+06 -7.32515e+00    189.410    19695.7
 4.93000e+06 -7.32195e+00    189.186    19673.8
 4.94000e+06 -7.31735e+00    188.890    19644.4
 4.94000e+06 -7.31177e+00    188.522    19607.8
 4.95000e+06 -7.30523e+00    188.084    19564.0
 4.95000e+06 -7.29760e+00    187.567    19511.9
 4.96000e+06 -7.28905e+00    186.973    19452.1
 4.96000e+06 -7.27974e+00    186.297    19383.7
 4.97000e+06 -7.26930e+00    185.539    19307.1
 4.97000e+06 -7.25833e+00    184.727    19224.6
 4.97000e+06 -7.26391e+00    185.144    19266.9
 4.98000e+06 -7.24046e+00    183.359    19085.8
 4.98000e+06 -7.24654e+00    183.831    19133.6
 4.98000e+06 -7.25261e+00    184.294    19180.5
 4.98000e+06 -7.23458e+00    182.868    19035.8
 4.99000e+06 -7.22154e+00    181.822    18929.3
 4.99000e+06 -7.20788e+00    180.695    18814.4
 4.99000e+06 -7.21480e+00    181.272    18873.1
 4.99000e+06 -7.22813e+00    182.355    18983.5
 5.00000e+06 -7.19358e+00    179.479    18690.5
 5.00000e+06 -7.20080e+00    180.097    18753.5
 5.00000e+06 -7.18659e+00    178.840    18625.3
 5.01000e+06 -7.15595e+00    176.036    18338.6
 5.01000e+06 -7.16403e+00    176.788    18415.5
 5.01000e+06 -7.17160e+00    177.504    18488.9
 5.01000e+06 -7.17917e+00    178.187    18558.5
 5.02000e+06 -7.14769e+00    175.255    18258.7
 5.02000e+06 -7.13947e+00    174.440    18175.2
 5.02000e+06 -7.13089e+00    173.600    18089.2
 5.02000e+06 -7.12211e+00    172.726    17999.6
 5.03000e+06 -7.11360e+00    171.834    17908.3
 5.03000e+06 -7.10473e+00    170.918    17814.5
 5.03000e+06 -7.09582e+00    169.981    17718.4
 5.03000e+06 -7.08705e+00    169.010    17618.7
 5.04000e+06 -7.07792e+00    168.013    17516.5
 5.04000e+06 -7.07716e+00    166.973    17409.7
 5.04000e+06 -7.07964e+00    165.898    17299.3
 5.04000e+06 -7.08231e+00    164.792    17185.8
 5.05000e+06 -7.08815e+00    162.492    16949.2
 5.05000e+06 -7.08513e+00    163.658    17069.1
 5.05000e+06 -7.09100e+00    161.289    16825.4
 5.06000e+06 -7.10413e+00    156.103    16291.6
 5.06000e+06 -7.09430e+00    160.047    16697.6
 5.06000e+06 -7.10086e+00    157.450    16430.3
 5.06000e+06 -7.09736e+00    158.765    16565.8
 5.07000e+06 -7.11941e+00    150.339    15697.0
 5.07000e+06 -7.10783e+00    154.722    16149.1
 5.07000e+06 -7.11530e+00    151.837    15851.6
 5.07000e+06 -7.11166e+00    153.298    16002.4
 5.08000e+06 -7.13228e+00    145.575    15204.8
 5.08000e+06 -7.13698e+00    143.895    15031.3
 5.08000e+06 -7.12365e+00    148.801    15538.2
 5.08000e+06 -7.12804e+00    147.213    15374.2
 5.09000e+06 -7.14408e+00    136.666    14283.0
 5.09000e+06 -7.14186e+00    142.168    14852.5
 5.09000e+06 -7.15220e+00    138.552    14478.4
 5.09000e+06 -7.14692e+00    140.387    14668.4
 5.10000e+06 -7.13359e+00    134.720    14081.4
 5.10000e+06 -7.09799e+00    128.474    13433.7
 5.10000e+06 -7.11045e+00    130.623    13656.6
 5.10000e+06 -7.12193e+00    132.708    13873.0
 5.11000e+06 -7.07099e+00    123.945    12963.4
 5.11000e+06 -7.05606e+00    121.548    12714.3
 5.11000e+06 -7.08472e+00    126.251    13202.8
 5.12000e+06 -7.00628e+00    113.769    11905.2
 5.12000e+06 -6.98688e+00    110.952    11612.0
 5.12000e+06 -7.04031e+00    119.048    12454.5
 5.12000e+06 -7.02402e+00    116.465    12185.8
 5.13000e+06 -6.92067e+00    101.719    10649.5
 5.13000e+06 -6.89400e+00     98.295    10292.3
 5.13000e+06 -6.96651e+00    108.023    11306.8
 5.13000e+06 -6.94434e+00    104.948    10986.3
 5.14000e+06 -6.83307e+00     90.845     9514.2
 5.14000e+06 -6.86575e+00     94.698     9916.7
 5.14000e+06 -6.79671e+00     86.669     9077.6
 5.14000e+06 -6.75499e+00     82.192     8609.4
 5.15000e+06 -6.56713e+00     64.640     6770.2
 5.15000e+06 -6.61135e+00     68.607     7186.5
 5.15000e+06 -6.65968e+00     72.870     7633.4
 5.15000e+06 -6.70922e+00     77.495     8117.7
 5.16000e+06 -6.47779e+00     50.469     5274.5
 5.16000e+06 -6.50091e+00     56.236     5885.2
 5.16000e+06 -6.52871e+00     60.675     6353.3
 5.17000e+06 -6.36151e+00     39.557     4151.9
 5.17000e+06 -6.36116e+00     39.555     4152.2
 5.17000e+06 -6.36058e+00     39.548     4152.5
 5.17000e+06 -6.36220e+00     39.567     4151.9
 5.17000e+06 -6.43409e+00     43.247     4490.8
 5.17000e+06 -6.42683e+00     40.687     4180.5
 5.17000e+06 -6.44126e+00     41.097     4206.6
 5.17000e+06 -6.36630e+00     39.626     4152.6
 5.17000e+06 -6.37285e+00     39.730     4154.6
 5.17000e+06 -6.36345e+00     39.583     4151.9
 5.17000e+06 -6.39171e+00     40.042     4161.2
 5.17000e+06 -6.36083e+00     39.551     4152.4
 5.18000e+06 -6.35505e+00     39.458     4151.0
 5.18000e+06 -6.35557e+00     39.465     4151.1
 5.18000e+06 -6.35767e+00     39.501     4151.8
 5.18000e+06 -6.35596e+00     39.473     4151.3
 5.18000e+06 -6.35996e+00     39.540     4152.6
 5.18000e+06 -6.36029e+00     39.545     4152.6
 5.18000e+06 -6.35967e+00     39.535     4152.6
 5.18000e+06 -6.35682e+00     39.487     4151.5
 5.18000e+06 -6.35725e+00     39.494     4151.7
 5.18000e+06 -6.35643e+00     39.480     4151.4
 5.18000e+06 -6.35925e+00     39.529     4152.5
 5.18000e+06 -6.35808e+00     39.508     4152.0
 5.18000e+06 -6.35851e+00     39.517     4152.3
 5.18000e+06 -6.35890e+00     39.523     4152.4
 5.19000e+06 -6.34926e+00     39.359     4148.8
 5.19000e+06 -6.34868e+00     39.350     4148.7
 5.19000e+06 -6.35191e+00     39.403     4149.7
 5.19000e+06 -6.35146e+00     39.396     4149.6
 5.19000e+06 -6.35282e+00     39.418     4150.0
 5.19000e+06 -6.35110e+00     39.390     4149.4
 5.19000e+06 -6.34964e+00     39.366     4149.0
 5.19000e+06 -6.35016e+00     39.375     4149.2
 5.19000e+06 -6.35056e+00     39.382     4149.3
 5.19000e+06 -6.35238e+00     39.411     4149.8
 5.19000e+06 -6.35374e+00     39.436     4150.6
 5.19000e+06 -6.35331e+00     39.429     4150.4
 5.19000e+06 -6.35466e+00     39.451     4150.8
 5.19000e+06 -6.35427e+00     39.444     4150.7
 5.20000e+06 -6.34080e+00     39.216     4145.5
 5.20000e+06 -6.34191e+00     39.234     4145.9
 5.20000e+06 -6.34134e+00     39.224     4145.7
 5.20000e+06 -6.34474e+00     39.285     4147.4
 5.20000e+06 -6.34525e+00     39.293     4147.6
 5.20000e+06 -6.34624e+00     39.310     4147.9
 5.20000e+06 -6.34573e+00     39.302     4147.8
 5.20000e+06 -6.34302e+00     39.252     4146.3
 5.20000e+06 -6.34367e+00     39.265     4146.8
 5.20000e+06 -6.34420e+00     39.276     4147.3
 5.20000e+06 -6.34248e+00     39.243     4146.1
 5.20000e+06 -6.34675e+00     39.318     4148.1
 5.20000e+06 -6.34725e+00     39.327     4148.3
 5.20000e+06 -6.34774e+00     39.335     4148.4
 5.20000e+06 -6.34824e+00     39.343     4148.5
 5.21000e+06 -6.33224e+00     39.074     4142.5
 5.21000e+06 -6.33155e+00     39.060     4142.2
 5.21000e+06 -6.33373e+00     39.098     4143.0
 5.21000e+06 -6.33298e+00     39.085     4142.7
 5.21000e+06 -6.33839e+00     39.176     4144.7
 5.21000e+06 -6.33899e+00     39.186     4144.9
 5.21000e+06 -6.33714e+00     39.155     4144.4
 5.21000e+06 -6.33776e+00     39.166     4144.5
 5.21000e+06 -6.33441e+00     39.109     4143.2
 5.21000e+06 -6.33508e+00     39.120     4143.4
 5.21000e+06 -6.33649e+00     39.145     4144.2
 5.21000e+06 -6.33582e+00     39.134     4144.0
 5.21000e+06 -6.33955e+00     39.196     4145.1
 5.21000e+06 -6.34019e+00     39.206     4145.4
 5.22000e+06 -6.31936e+00     38.861     4138.6
 5.22000e+06 -6.31525e+00     38.793     4137.2
 5.22000e+06 -6.31674e+00     38.817     4137.7
 5.22000e+06 -6.31811e+00     38.840     4138.2
 5.22000e+06 -6.33083e+00     39.046     4141.9
 5.22000e+06 -6.33005e+00     39.031     4141.6
 5.22000e+06 -6.32173e+00     38.900     4139.5
 5.22000e+06 -6.32280e+00     38.917     4139.8
 5.22000e+06 -6.32382e+00     38.933     4140.0
 5.22000e+06 -6.32906e+00     39.014     4141.3
 5.22000e+06 -6.32484e+00     38.949     4140.3
 5.22000e+06 -6.32804e+00     38.998     4141.1
 5.22000e+06 -6.32694e+00     38.981     4140.8
 5.22000e+06 -6.32590e+00     38.965     4140.5
 5.22000e+06 -6.32052e+00     38.879     4138.9
 5.23000e+06 -6.29339e+00     38.455     4130.8
 5.23000e+06 -6.28194e+00     38.274     4127.8
 5.23000e+06 -6.30071e+00     38.566     4133.0
 5.23000e+06 -6.29704e+00     38.509     4131.6
 5.23000e+06 -6.26329e+00     37.989     4121.7
 5.23000e+06 -6.24951e+00     37.762     4116.9
 5.23000e+06 -6.27432e+00     38.153     4124.7
 5.23000e+06 -6.28807e+00     38.375     4129.4
 5.23000e+06 -6.31018e+00     38.714     4135.8
 5.23000e+06 -6.31199e+00     38.742     4136.3
 5.23000e+06 -6.31365e+00     38.768     4136.8
 5.23000e+06 -6.30822e+00     38.682     4135.2
 5.23000e+06 -6.30599e+00     38.649     4134.6
 5.23000e+06 -6.30353e+00     38.608     4133.8
 5.24000e+06 -6.22766e+00     37.437     4109.8
 5.24000e+06 -6.20258e+00     37.068     4103.4
 5.24000e+06 -6.14281e+00     36.188     4088.0
 5.24000e+06 -6.17094e+00     36.605     4095.2
 5.24000e+06 -6.15638e+00     36.376     4090.7
